HUE_BRIDGE_ID = LQwmxntO51NSwI1wlvtwOj0xwTPK3jDGo7EBv7SV
HUE_BRIDGE_IP = 192.168.1.105

GOOGLE_MAPS_KEY = AIzaSyDNS_M-GLx2zXhukWV3wy4jHhUAo61RDxI
START_LOC = 60.331617850634295%2C25.053236354018203
END_LOC_1 = 60.223159382239515%2C24.86509852317866
END_LOC_2 = 60.198687565074394%2C24.926502657283123

END_LOC_1_LAT = 60.223159382239515
END_LOC_1_LON = 24.86509852317866
END_LOC_2_LAT = 60.198687565074394
END_LOC_2_LON = 24.926502657283123

WEATHER_KEY = 9d971cd876f3ac606eed5c2b507bad05

HSL_API_KEY = 154d783c2741481c89cebfaf13ba5275